1	2	101	80	122	21	117	111
2	14	100	101	1	111
3	53	107	97	77	48	81	120
4	96	30	25	26	39	93
5	64	12	37	13	100
6	51	69	117	79	18	29
7	9	84	108	44	45	63	37
8	42	24	15	41	46	114	67
9	54	88	84	7	37
10	85	93	82	97
11	74	99	78	105	90
12	103	54	37	5	64
13	5	37	63	57	100
14	102	100	2
15	8	24	16	36	41
16	24	68	52	36	15
17	86	62	60	61	85	31
18	29	6	79	23	19	94
19	18	23	24	25	94
20	109	86	31	72	40	119
21	1	122	121	117
22	59	55	32	112	71	62	49
23	19	18	79	66	24
24	19	23	66	68	16	25	42	8	15
25	30	75	94	19	24	42	26	4
26	4	25	42	38	39
27	36	52	102	73
28	43	91	70	52	68
29	51	6	18	83	112	106	94
30	60	75	25	4	96
31	72	20	86	17	85	104
32	55	116	83	112	22
33	114	46	59	49	113
34	101	57	63	45
35	40	72	104	118	47	44
36	16	52	27	76	41	15
37	54	9	7	63	13	5	12
38	26	42	67	110	78	39
39	82	93	4	26	38	78	99	50	77
40	119	20	72	35	44
41	8	15	36	76	59	46
42	26	25	24	8	67	38
43	66	115	92	91	28	68
44	45	7	108	119
45	34	63	7	44
46	114	8	41	59	33
47	56	44	35	118	53	65
48	3	77	50	74	90	88	81
49	113	33	59	86	62	22
50	77	39	99	74	48
51	116	69	6	29	83
52	68	28	70
53	98	65	47	118	58	107	3	120	121
54	89	88	9	37	12	103
55	76	116	32	22	59
56	45	44	47	65	80
57	13	63	34	101	100
58	118	95	107	53
59	49	33	46	41	76	55	22
60	62	71	75	30	96	61	17
61	17	60	96	93	85
62	86	49	22	62	71	60	17
63	37	7	45	34	57	13
64	91	103	12	5	100	70
65	80	56	47	53	98	122
66	23	79	115	43	68	24
67	38	42	8	114	110
68	24	66	43	28	52	16
69	116	73	111	117	6	51
70	28	91	64	100	102	52
71	62	22	112	106	75	60
72	40	20	31	104	35
73	102	116	69	111	55
74	48	50	99	11	90
75	71	106	94	25	30	60
76	36	27	102	41	59	55
77	3	97	82	39	50	48
78	99	39	38	110	113	105	11
79	6	117	87	115	66	23	18
80	45	56	65	122	1	101
81	120	3	48	88	89
82	10	93	39	77	97
83	32	116	51	29	112
84	9	88	90	108	7
85	31	17	61	93	10	97	95	104
86	20	109	113	49	62	17	31
87	117	121	89	103	92	115	79
88	81	48	90	84	9	54	89
89	120	81	88	54	103	87	121
90	88	48	74	11	105	108	84
91	92	103	64	70	28	43
92	115	87	103	91	43
93	10	85	61	96	4	39	82
94	106	29	18	19	25	75
95	104	85	97	107	58	118
96	93	61	60	30	4
97	85	61	60	30	4
98	65	53	121	122
99	50	39	78	11	74
100	70	64	5	13	57	101	2	14	102
101	2	100	57	34
102	52	70	100	14	27	73
103	87	89	54	12	64	91	92
104	35	72	31	85	95	118
105	90	11	78	113	109	119	108
106	71	112	29	94	75
107	58	95	97	3	53
108	84	90	105	119	44	7
109	119	105	113	86
110	38	67	114	113	86
111	73	102	14	21	117	69
112	22	32	83	29	106	71
113	109	86	49
114	110	67	8	46	33	11	3
115	79	87	92	43	66
116	51	69	73	55	73	32	83
117	111	1	21	121	87	79	6	69
118	35	104	95	58	53	47
119	44	108	105	109
120	121	53	3	81	89
121	21	122	98	53	120	89	87	117
122	80	65	98	121	21	1
